0 
0 
0 
0 
0 
47 
58 
0 
0 
41 
40 
0 
0 
41 
43 
0 
0 
39 
44 
0 
0 
35 
42 
0 
0 
52 
54 
0 
0 
50 
48 
0 
0 
39 
40 
0 
0 
46 
35 
0 
0 
36 
45 
0 
0 
38 
39 
0 
0 
40 
45 
0 
0 
53 
42 
0 
0 
45 
38 
0 
0 
43 
48 
0 
0 
41 
41 
0 
0 
41 
48 
0 
0 
33 
40 
0 
0 
40 
45 
0 
0 
41 
43 
0 
0 
49 
43 
0 
0 
48 
43 
0 
0 
43 
41 
0 
0 
42 
34 
0 
0 
48 
43 
0 
0 
33 
39 
0 
0 
43 
38 
0 
0 
41 
41 
0 
0 
40 
38 
0 
0 
47 
41 
0 
0 
38 
40 
0 
0 
39 
40 
0 
0 
44 
51 
0 
0 
42 
41 
0 
0 
50 
44 
0 
0 
40 
34 
0 
0 
42 
40 
0 
0 
45 
44 
0 
0 
40 
42 
0 
0 
44 
44 
0 
0 
43 
38 
0 
0 
34 
36 
0 
0 
40 
44 
0 
0 
42 
49 
0 
0 
35 
32 
0 
0 
37 
39 
0 
0 
36 
28 
0 
0 
39 
30 
21 
0 
0 
0 
35 
38 
0 
0 
43 
43 
0 
0 
38 
31 
0 
0 
41 
36 
0 
0 
37 
42 
0 
0 
41 
38 
0 
0 
36 
33 
0 
0 
38 
34 
0 
0 
41 
35 
0 
0 
40 
41 
0 
0 
39 
39 
0 
0 
28 
42 
0 
0 
42 
38 
0 
0 
43 
35 
0 
0 
36 
34 
0 
0 
39 
36 
0 
0 
47 
37 
0 
0 
42 
37 
0 
0 
47 
37 
0 
0 
44 
44 
0 
0 
36 
45 
0 
0 
39 
37 
0 
0 
35 
42 
0 
0 
28 
29 
26 
0 
0 
0 
32 
31 
0 
33 
0 
0 
30 
44 
0 
0 
32 
34 
0 
0 
43 
33 
0 
0 
37 
35 
0 
0 
40 
36 
0 
0 
40 
34 
0 
0 
35 
29 
0 
0 
30 
47 
0 
0 
34 
33 
26 
0 
0 
0 
37 
36 
0 
0 
39 
44 
0 
0 
36 
46 
0 
0 
42 
44 
0 
0 
31 
40 
0 
0 
43 
46 
0 
0 
44 
36 
0 
0 
47 
51 
0 
0 
28 
0 
0 
0 
0 
0 
0 
65 
69 
0 
0 
55 
61 
0 
0 
37 
41 
0 
0 
44 
38 
0 
0 
33 
41 
0 
39 
0 
41 
0 
0 
42 
43 
0 
0 
34 
38 
0 
0 
34 
40 
0 
0 
37 
45 
0 
0 
41 
38 
0 
0 
45 
35 
0 
0 
42 
36 
0 
0 
36 
39 
0 
0 
42 
44 
0 
0 
54 
37 
0 
34 
0 
0 
42 
36 
0 
0 
47 
38 
0 
0 
39 
36 
0 
0 
42 
44 
0 
0 
43 
43 
0 
0 
38 
48 
0 
0 
34 
37 
0 
0 
41 
36 
0 
0 
39 
35 
0 
0 
41 
45 
0 
0 
34 
41 
0 
0 
28 
39 
0 
0 
39 
38 
0 
0 
45 
43 
0 
0 
40 
42 
0 
0 
41 
39 
0 
0 
38 
38 
0 
0 
35 
33 
0 
0 
37 
36 
0 
0 
48 
45 
0 
0 
54 
67 
0 
0 
37 
32 
0 
0 
44 
42 
0 
0 
0 
43 
45 
0 
0 
45 
40 
0 
0 
36 
29 
0 
54 
0 
0 
100 
119 
0 
0 
0 
