0 
0 
0 
0 
0 
8 
9 
0 
0 
12 
13 
0 
0 
16 
17 
0 
0 
20 
21 
0 
0 
24 
25 
0 
0 
28 
29 
0 
0 
32 
33 
0 
0 
36 
37 
0 
0 
40 
41 
0 
0 
44 
45 
0 
0 
48 
49 
0 
0 
52 
53 
0 
0 
56 
57 
0 
0 
60 
61 
0 
0 
64 
65 
0 
0 
68 
69 
0 
0 
72 
73 
0 
0 
76 
77 
0 
0 
80 
81 
0 
0 
84 
85 
0 
0 
88 
89 
0 
0 
92 
93 
0 
0 
96 
97 
0 
0 
100 
101 
0 
0 
104 
105 
0 
0 
108 
109 
0 
0 
112 
113 
0 
0 
116 
117 
0 
0 
120 
121 
0 
0 
124 
125 
0 
0 
128 
129 
0 
0 
132 
133 
0 
0 
136 
137 
0 
0 
140 
141 
0 
0 
144 
145 
0 
0 
148 
149 
0 
0 
152 
153 
0 
0 
156 
157 
0 
0 
160 
161 
0 
0 
164 
165 
0 
0 
168 
169 
0 
0 
172 
173 
0 
0 
176 
177 
0 
0 
180 
181 
0 
0 
184 
185 
0 
0 
188 
189 
0 
0 
192 
193 
0 
0 
197 
198 
199 
0 
0 
0 
202 
203 
0 
0 
206 
207 
0 
0 
210 
211 
0 
0 
214 
215 
0 
0 
218 
219 
0 
0 
222 
223 
0 
0 
226 
227 
0 
0 
230 
231 
0 
0 
234 
235 
0 
0 
238 
239 
0 
0 
242 
243 
0 
0 
246 
247 
0 
0 
250 
251 
0 
0 
254 
255 
0 
0 
258 
259 
0 
0 
262 
263 
0 
0 
266 
267 
0 
0 
270 
271 
0 
0 
274 
275 
0 
0 
278 
279 
0 
0 
282 
283 
0 
0 
286 
287 
0 
0 
290 
291 
0 
0 
295 
296 
297 
0 
0 
0 
300 
302 
0 
303 
0 
0 
306 
307 
0 
0 
310 
311 
0 
0 
314 
315 
0 
0 
318 
319 
0 
0 
322 
323 
0 
0 
326 
327 
0 
0 
330 
331 
0 
0 
334 
335 
0 
0 
339 
340 
341 
0 
0 
0 
344 
345 
0 
0 
348 
349 
0 
0 
352 
353 
0 
0 
356 
357 
0 
0 
360 
361 
0 
0 
364 
365 
0 
0 
368 
369 
0 
0 
372 
373 
0 
0 
380 
0 
0 
0 
0 
0 
0 
383 
384 
0 
0 
387 
388 
0 
0 
391 
392 
0 
0 
395 
396 
0 
0 
399 
401 
0 
403 
0 
404 
0 
0 
407 
408 
0 
0 
411 
412 
0 
0 
415 
416 
0 
0 
419 
420 
0 
0 
423 
424 
0 
0 
427 
428 
0 
0 
431 
432 
0 
0 
435 
436 
0 
0 
439 
440 
0 
0 
443 
445 
0 
446 
0 
0 
449 
450 
0 
0 
453 
454 
0 
0 
457 
458 
0 
0 
461 
462 
0 
0 
465 
466 
0 
0 
469 
470 
0 
0 
473 
474 
0 
0 
477 
478 
0 
0 
481 
482 
0 
0 
485 
486 
0 
0 
489 
490 
0 
0 
493 
494 
0 
0 
497 
498 
0 
0 
501 
502 
0 
0 
505 
506 
0 
0 
509 
510 
0 
0 
513 
514 
0 
0 
517 
518 
0 
0 
521 
522 
0 
0 
525 
526 
0 
0 
529 
530 
0 
0 
533 
534 
0 
0 
537 
538 
0 
0 
0 
542 
543 
0 
0 
546 
547 
0 
0 
550 
552 
0 
553 
0 
0 
556 
557 
0 
0 
0 
