0 
0 
0 
7 
8 
9 
0 
0 
0 
12 
13 
0 
0 
16 
17 
0 
0 
20 
21 
0 
0 
24 
25 
0 
0 
28 
29 
0 
0 
32 
33 
0 
0 
36 
37 
0 
0 
40 
41 
0 
0 
44 
45 
0 
0 
48 
49 
0 
0 
52 
53 
0 
0 
56 
57 
0 
0 
60 
61 
0 
0 
64 
65 
0 
0 
68 
69 
0 
0 
72 
73 
0 
0 
76 
77 
0 
0 
80 
81 
0 
0 
84 
85 
0 
0 
88 
91 
0 
92 
93 
0 
0 
0 
96 
97 
0 
0 
100 
101 
0 
0 
104 
105 
0 
0 
108 
109 
0 
0 
112 
113 
0 
0 
116 
117 
0 
0 
120 
121 
0 
0 
124 
125 
0 
0 
128 
129 
0 
0 
132 
133 
0 
0 
136 
137 
0 
0 
140 
141 
0 
0 
144 
145 
0 
0 
148 
149 
0 
0 
152 
153 
0 
0 
156 
157 
0 
0 
166 
167 
0 
0 
0 
0 
0 
0 
0 
0 
170 
171 
0 
0 
174 
175 
0 
0 
178 
179 
0 
0 
182 
183 
0 
0 
186 
189 
0 
190 
191 
0 
0 
0 
194 
195 
0 
0 
198 
199 
0 
0 
202 
203 
0 
0 
206 
207 
0 
0 
210 
211 
0 
0 
214 
215 
0 
0 
218 
219 
0 
0 
222 
223 
0 
0 
226 
227 
0 
0 
230 
231 
0 
0 
234 
235 
0 
0 
238 
239 
0 
0 
242 
243 
0 
0 
246 
247 
0 
0 
250 
251 
0 
0 
254 
255 
0 
0 
258 
259 
0 
0 
262 
263 
0 
0 
266 
267 
0 
0 
270 
271 
0 
0 
274 
275 
0 
0 
278 
279 
0 
0 
282 
283 
0 
0 
286 
287 
0 
0 
290 
291 
0 
0 
294 
295 
0 
0 
298 
299 
0 
0 
303 
304 
305 
0 
0 
0 
308 
309 
0 
0 
312 
313 
0 
0 
316 
317 
0 
0 
320 
321 
0 
0 
324 
325 
0 
0 
328 
329 
0 
0 
332 
333 
0 
0 
336 
337 
0 
0 
340 
341 
0 
0 
344 
345 
0 
0 
348 
349 
0 
0 
352 
353 
0 
0 
356 
357 
0 
0 
360 
361 
0 
0 
364 
365 
0 
0 
368 
369 
0 
0 
372 
373 
0 
0 
376 
377 
0 
0 
380 
381 
0 
0 
384 
385 
0 
0 
388 
389 
0 
0 
392 
393 
0 
0 
396 
397 
0 
0 
400 
401 
0 
0 
404 
405 
0 
0 
408 
409 
0 
0 
412 
413 
0 
0 
416 
417 
0 
0 
420 
421 
0 
0 
424 
425 
0 
0 
428 
429 
0 
0 
432 
433 
0 
0 
436 
437 
0 
0 
440 
441 
0 
0 
444 
445 450 
0 
0 
448 
449 
0 
0 
0 
0 
0 
0 
0 
