0 
0 
0 
45 
46 
33 
0 
0 
0 
44 
40 
0 
0 
38 
32 
0 
0 
41 
42 
0 
0 
44 
37 
0 
0 
40 
48 
0 
0 
42 
41 
0 
0 
37 
41 
0 
0 
42 
37 
0 
0 
35 
37 
0 
0 
34 
31 
0 
0 
36 
38 
0 
0 
41 
39 
0 
0 
44 
37 
0 
0 
33 
36 
0 
0 
33 
38 
0 
0 
35 
32 
0 
0 
43 
44 
0 
0 
44 
45 
0 
0 
31 
38 
0 
0 
32 
36 
0 
28 
30 
0 
0 
0 
42 
34 
0 
0 
38 
48 
0 
0 
42 
40 
0 
0 
40 
36 
0 
0 
48 
30 
0 
0 
43 
37 
0 
0 
39 
38 
0 
0 
40 
31 
0 
0 
44 
28 
0 
0 
44 
49 
0 
0 
36 
37 
0 
0 
41 
34 
0 
0 
41 
40 
0 
0 
41 
35 
0 
0 
39 
42 
0 
0 
43 
47 
0 
0 
11 
12 
0 
0 
0 
0 
0 
0 
0 
0 
59 
43 
0 
0 
58 
34 
0 
0 
52 
35 
0 
0 
46 
52 
0 
0 
42 
49 
0 
25 
26 
0 
0 
0 
36 
35 
0 
0 
30 
27 
0 
0 
46 
33 
0 
0 
39 
40 
0 
0 
42 
40 
0 
0 
37 
29 
0 
0 
47 
41 
0 
0 
46 
37 
0 
0 
48 
37 
0 
0 
37 
31 
0 
0 
43 
39 
0 
0 
34 
41 
0 
0 
31 
40 
0 
0 
37 
39 
0 
0 
36 
38 
0 
0 
41 
38 
0 
0 
44 
36 
0 
0 
38 
38 
0 
0 
38 
35 
0 
0 
37 
40 
0 
0 
34 
45 
0 
0 
44 
32 
0 
0 
38 
31 
0 
0 
35 
40 
0 
0 
34 
35 
0 
0 
43 
30 
0 
0 
43 
36 
0 
0 
36 
26 
22 
0 
0 
0 
39 
43 
0 
0 
37 
39 
0 
0 
42 
41 
0 
0 
39 
40 
0 
0 
40 
40 
0 
0 
38 
34 
0 
0 
47 
34 
0 
0 
49 
41 
0 
0 
44 
41 
0 
0 
37 
36 
0 
0 
46 
39 
0 
0 
30 
42 
0 
0 
43 
57 
0 
0 
44 
45 
0 
0 
38 
41 
0 
0 
39 
41 
0 
0 
43 
41 
0 
0 
44 
48 
0 
0 
44 
42 
0 
0 
33 
44 
0 
0 
32 
36 
0 
0 
42 
41 
0 
0 
42 
32 
0 
0 
43 
37 
0 
0 
47 
31 
0 
0 
42 
53 
0 
0 
41 
45 
0 
0 
42 
34 
0 
0 
49 
53 
0 
0 
49 
45 
0 
0 
47 
44 
0 
0 
55 
56 
0 
0 
52 
48 
0 
0 
41 
46 
0 
0 
40 
38 
0 
0 
58 
58 
0 
0 
0 
0 
0 
0 
0 
