0 
0 
0 
6 
7 
0 
0 
10 
11 
0 
0 
14 
15 
0 
0 
18 
19 
0 
0 
22 
23 
0 
0 
26 
27 
0 
0 
30 
31 
0 
0 
34 
35 
0 
0 
38 
39 
0 
0 
42 
43 
0 
0 
46 
47 
0 
0 
50 
51 
0 
0 
54 
55 
0 
0 
58 
59 
0 
0 
62 
63 
0 
0 
66 
67 
0 
0 
70 
71 
0 
0 
74 
75 
0 
0 
78 
79 
0 
0 
82 
83 
0 
0 
86 
87 
0 
0 
90 
91 
0 
0 
94 
95 
0 
0 
98 
99 
0 
0 
102 
103 
0 
0 
106 
116 
0 
0 
0 
0 
0 
0 
0 
0 
0 
117 
0 
0 
120 
121 
0 
0 
124 
125 
0 
0 
128 
129 
0 
0 
132 
133 
0 
0 
136 
137 
0 
0 
140 
141 
0 
0 
144 
145 
0 
0 
148 
149 
0 
0 
152 
153 
0 
0 
156 
157 
0 
0 
160 
161 
0 
0 
164 
165 
0 
0 
168 
169 
0 
0 
172 
173 
0 
0 
176 
177 
0 
0 
180 
181 
0 
0 
184 
185 
0 
0 
188 
189 
0 
0 
192 
193 
0 
0 
196 
197 
0 
0 
200 
201 
0 
0 
204 
205 
0 
0 
208 
209 
0 
0 
212 
213 
0 
0 
216 
217 
0 
0 
220 
221 
0 
0 
224 
225 
0 
0 
228 
229 
0 
0 
232 
233 
0 
0 
236 
237 
0 
0 
240 
241 
0 
0 
244 
246 
0 
0 
0 
