0 
0 
0 
100 
79 
0 
0 
43 
44 
0 
0 
42 
35 
0 
0 
45 
40 
0 
0 
43 
37 
0 
0 
41 
45 
0 
0 
35 
38 
0 
0 
43 
36 
0 
0 
37 
46 
0 
0 
33 
39 
0 
0 
48 
40 
0 
0 
40 
33 
0 
0 
43 
37 
0 
0 
38 
35 
0 
0 
40 
39 
0 
0 
51 
41 
0 
0 
32 
32 
0 
0 
34 
37 
0 
0 
44 
34 
0 
0 
36 
33 
0 
0 
38 
37 
0 
0 
38 
41 
0 
0 
34 
44 
0 
0 
40 
31 
0 
0 
54 
49 
0 
0 
58 
13 
0 
0 
0 
0 
0 
0 
0 
0 
0 
76 
0 
0 
46 
55 
0 
0 
38 
44 
0 
0 
39 
48 
0 
0 
36 
31 
0 
0 
42 
38 
0 
0 
31 
31 
0 
0 
43 
46 
0 
0 
48 
46 
0 
0 
34 
41 
0 
0 
31 
42 
0 
0 
37 
36 
0 
0 
37 
42 
0 
0 
35 
41 
0 
0 
32 
41 
0 
0 
34 
44 
0 
0 
38 
41 
0 
0 
41 
37 
0 
0 
35 
39 
0 
0 
51 
42 
0 
0 
40 
43 
0 
0 
36 
36 
0 
0 
36 
37 
0 
0 
35 
43 
0 
0 
44 
36 
0 
0 
47 
45 
0 
0 
39 
47 
0 
0 
40 
48 
0 
0 
41 
48 
0 
0 
43 
39 
0 
0 
50 
51 
0 
0 
48 
51 
0 
0 
99 
47 
0 
0 
0 
