0 
0 
0 
0 
0 
245 
0 
246 
0 
0 
0 
0 
0 
0 
0 
0 
0 
0 
0 
0 
0 
0 
0 
0 
0 
0 
0 
0 
0 
0 
0 
0 
0 
0 
0 
0 
0 
0 
0 
0 
0 
0 
0 
0 
0 
0 
0 
0 
0 
0 
0 
0 
0 
0 
0 
0 
0 
0 
0 
0 
0 
0 
0 
0 
0 
0 
0 
0 
0 
0 
0 
0 
0 
0 
0 
0 
0 
0 
0 
0 
0 
0 
0 
0 
0 
0 
0 
0 
0 
0 
0 
0 
0 
0 
0 
0 
0 
0 
0 
0 
0 
0 
0 
0 
0 
0 
0 
0 
0 
0 
0 
0 
0 
0 
0 
0 
0 
0 
0 
0 
0 
0 
0 
0 
0 
0 
0 
0 
0 
0 
0 
0 
0 
0 
0 
0 
0 
0 
0 
0 
0 
0 
0 
0 
0 
0 
0 
0 
0 
0 
0 
0 
0 
0 
0 
0 
0 
0 
0 
0 
0 
0 
0 
0 
82 
0 
0 
0 
0 
0 
0 
0 
0 
0 
0 
0 
0 
0 
0 
0 
0 
0 
0 
0 
0 
0 
0 
0 
0 
0 
0 
0 
0 
0 
0 
99 
0 
0 
0 
0 
0 
0 
0 
0 
0 
0 
0 
0 
0 
0 
0 
0 
0 
0 
0 
0 
0 
0 
0 
0 
0 
0 
0 
0 
0 
0 
0 
0 
0 
0 
0 
0 
0 
0 
0 
0 
0 
0 
0 
0 
0 
0 
0 
0 
0 
0 
0 
0 
0 
0 
0 
0 
0 
0 
0 
0 
0 
0 
0 
0 
0 
0 
0 
0 
0 
0 
0 
0 
0 
0 
0 
0 
0 
0 
0 
0 
0 
0 
0 
0 
0 
0 
0 
0 
0 
0 
0 
0 
0 
0 
0 
0 
0 
0 
0 
0 
0 
0 
0 
0 
0 
0 
0 
0 
0 
0 
0 
0 
0 
0 
0 
0 
0 
0 
0 
0 
0 
0 
0 
0 
0 
0 
0 
0 
0 
0 
0 
0 
0 
0 
0 
0 
0 
0 
0 
0 
0 
160 
0 
0 
0 
101 
0 
0 
130 
0 
0 
88 96 
124 
104 
0 
126 
94 
100 
105 127 
83 87 91 93 97 98 105 122 123 125 127 
91 98 121 125 
91 92 95 96 97 98 102 103 105 106 117 118 119 121 122 123 125 129 132 
96 97 105 106 117 118 119 121 122 128 129 
96 98 103 105 106 117 118 121 122 123 125 127 128 129 
91 96 97 98 102 103 105 117 118 119 121 122 125 128 
93 95 96 97 98 102 103 105 106 117 118 119 121 122 125 127 128 129 
92 95 96 97 98 102 103 105 106 117 118 119 121 122 123 125 127 128 129 
87 92 93 96 97 98 102 103 105 106 117 118 119 121 122 123 125 127 128 129 132 137 
115 
88 89 92 93 95 96 97 98 102 103 105 106 117 118 119 121 122 123 125 127 128 129 131 138 
87 91 92 93 95 96 97 98 102 103 105 106 117 118 119 121 122 123 125 127 128 129 131 133 134 138 140 
87 91 92 93 95 96 97 98 102 103 105 106 117 118 119 121 122 123 125 127 128 129 131 132 133 134 
116 
87 88 89 90 91 92 93 95 96 97 98 102 103 105 106 117 118 119 121 122 123 125 127 128 129 131 132 135 
12 87 90 91 92 93 95 96 97 98 102 103 105 106 117 118 119 121 122 123 125 127 128 129 131 133 
12 91 92 93 95 96 97 98 102 103 105 106 117 118 119 121 122 123 125 127 128 129 131 132 133 134 135 136 
12 90 92 93 95 96 97 98 102 103 105 106 117 118 119 121 122 123 125 127 128 129 131 132 133 134 136 137 
12 90 91 92 93 95 96 97 98 102 103 105 106 117 118 119 121 122 123 125 127 128 129 131 132 133 134 136 
0 
0 
0 
0 
0 
12 93 95 96 97 98 102 103 105 106 117 118 119 121 122 123 125 127 128 129 131 132 133 136 
12 84 88 89 90 91 92 93 95 96 97 98 102 103 105 106 117 118 119 121 122 123 125 127 128 129 131 132 134 
12 87 92 93 95 96 97 98 102 103 105 106 117 118 119 121 122 123 125 127 128 129 131 134 137 138 
12 90 91 92 93 95 96 97 98 102 103 105 106 117 118 119 121 122 123 125 127 128 129 131 132 
12 93 95 96 97 98 102 103 105 106 117 118 119 121 122 123 125 127 128 129 
12 84 92 93 95 96 97 98 102 103 105 106 117 118 119 121 122 123 125 127 128 129 131 132 
12 90 91 93 95 96 97 98 102 103 105 106 117 118 119 121 122 123 125 127 129 131 135 
12 91 93 95 96 97 98 102 103 105 106 117 118 119 121 122 123 125 127 128 129 131 
12 83 92 95 97 98 102 103 105 106 117 118 119 121 122 123 125 127 128 136 
12 92 95 96 97 98 102 103 105 106 117 118 119 121 122 123 125 127 128 129 
95 96 97 98 102 103 105 106 117 118 119 121 122 123 125 127 129 131 
90 91 92 93 95 96 97 98 103 105 106 117 118 119 121 122 125 127 128 129 
93 98 102 103 105 106 117 119 121 122 123 125 127 129 
93 95 97 98 103 105 117 119 121 122 129 131 
92 97 105 106 117 118 119 121 122 125 128 131 
97 103 105 117 118 119 121 122 125 127 
84 96 97 98 103 105 117 121 125 127 129 131 
97 98 125 
0 
98 106 125 
97 125 
87 98 131 
0 
120 
0 
0 
0 
0 
0 
0 
0 
0 
0 
0 
0 
0 
0 
0 
0 
0 
0 
0 
0 
0 
0 
0 
0 
0 
0 
0 
0 
0 
0 
0 
0 
0 
0 
0 
0 
0 
0 
0 
0 
0 
0 
0 
0 
0 
0 
0 
0 
0 
0 
0 
0 
0 
0 
0 
0 
0 
0 
0 
0 
0 
0 
0 
0 
0 
0 
0 
0 
0 
0 
0 
0 
0 
0 
0 
0 
0 
0 
0 
0 
0 
0 
0 
0 
0 
0 
0 
0 
0 
0 
0 
0 
0 
0 
0 
0 
0 
0 
0 
0 
0 
0 
0 
0 
0 
0 
0 
0 
0 
0 
0 
0 
0 
0 
0 
0 
0 
0 
0 
0 
0 
0 
0 
0 
0 
0 
0 
0 
0 
0 
0 
0 
0 
0 
0 
0 
0 
0 
0 
0 
0 
0 
0 
0 
0 
0 
0 
0 
0 
0 
0 
0 
0 
0 
244 
0 
