0 
0 
0 
0 
0 
449 
450 
447 
448 
5 432 433 434 436 437 438 439 443 444 446 
5 420 425 431 432 433 434 436 437 438 439 443 444 446 
5 428 429 430 431 432 433 434 436 437 438 439 443 444 446 
5 428 430 431 432 433 434 436 437 438 439 443 444 446 
5 33 432 434 436 437 438 439 443 444 446 
5 431 432 433 434 436 437 438 439 443 444 446 
5 429 430 433 434 436 437 438 439 443 444 446 
445 
5 425 433 434 436 437 438 439 443 444 446 
5 425 428 429 430 432 433 434 436 437 438 439 443 444 446 
5 420 425 429 430 431 432 433 434 436 437 438 439 443 444 446 
425 434 436 437 438 439 443 444 446 
427 429 436 437 438 439 443 444 446 
434 436 437 438 439 443 444 
425 430 436 439 443 444 
436 439 444 446 
436 438 444 446 
441 
435 
440 
0 
0 
442 
0 
0 
0 
0 
0 
0 
0 
0 
0 
0 
0 
0 
0 
0 
0 
0 
0 
0 
0 
0 
0 
0 
0 
0 
0 
0 
426 
0 
0 
0 
0 
0 
0 
0 
0 
0 
0 
0 
0 
0 
0 
0 
0 
0 
0 
0 
0 
0 
0 
0 
0 
0 
0 
0 
0 
0 
0 
0 
0 
0 
0 
111 
0 
0 
0 
0 
0 
0 
0 
0 
0 
0 
0 
0 
0 
0 
0 
0 
0 
0 
0 
0 
0 
0 
0 
0 
0 
0 
0 
0 
0 
0 
0 
0 
0 
0 
0 
0 
0 
0 
0 
0 
0 
0 
0 
0 
0 
0 
0 
0 
0 
0 
0 
0 
0 
0 
0 
0 
0 
0 
0 
0 
0 
0 
0 
0 
0 
0 
0 
0 
0 
0 
0 
0 
0 
0 
0 
0 
0 
0 
0 
0 
0 
0 
0 
0 
0 
0 
0 
0 
0 
0 
0 
244 
0 
0 
0 
0 
0 
0 
0 
0 
0 
0 
0 
0 
0 
0 
0 
0 
0 
0 
0 
0 
0 
0 
0 
0 
0 
0 
0 
0 
0 
0 
0 
0 
0 
0 
0 
0 
0 
0 
0 
0 
0 
0 
0 
0 
0 
0 
0 
0 
0 
0 
0 
0 
0 
0 
0 
0 
0 
0 
0 
0 
0 
0 
0 
0 
0 
0 
0 
0 
0 
0 
0 
0 
0 
0 
0 
0 
0 
0 
0 
0 
0 
0 
0 
0 
0 
0 
0 
0 
0 
0 
0 
0 
0 
0 
0 
0 
0 
0 
0 
0 
0 
0 
0 
0 
0 
0 
0 
0 
0 
0 
0 
0 
0 
0 
0 
0 
0 
0 
0 
0 
0 
0 
0 
0 
0 
0 
0 
0 
0 
0 
0 
0 
0 
0 
0 
0 
0 
0 
0 
0 
0 
0 
0 
0 
0 
0 
0 
0 
0 
0 
0 
0 
0 
0 
0 
0 
0 
0 
0 
0 
0 
176 
146 168 182 
144 178 
0 
158 173 
154 168 
169 
153 155 
152 154 155 158 168 172 177 
158 159 168 177 
146 147 153 154 155 156 158 159 168 170 171 172 173 175 177 178 179 180 181 185 
152 153 154 155 158 159 168 170 171 172 173 175 177 
152 153 155 158 159 168 170 171 172 173 174 175 178 179 182 
149 152 154 155 156 158 159 168 170 171 173 174 175 177 
149 152 153 154 155 156 158 159 168 170 171 172 173 174 175 177 178 179 182 
150 154 155 156 158 159 168 170 171 172 173 174 175 177 179 184 
166 
147 148 152 153 154 155 156 158 159 168 170 171 172 173 174 175 177 178 179 180 181 182 
142 145 147 148 150 152 153 154 155 156 158 159 168 170 171 172 173 174 175 177 178 179 180 181 182 183 184 
145 146 147 148 149 150 152 153 154 155 156 158 159 168 170 171 172 173 174 175 177 178 179 180 181 185 
167 
144 145 149 150 152 153 154 155 156 158 159 168 170 171 172 173 174 175 177 178 179 180 181 182 183 
148 149 150 152 153 154 155 156 158 159 168 170 171 172 173 174 175 177 178 179 180 181 182 183 
146 149 150 152 153 154 155 156 158 159 168 170 171 172 173 174 175 177 178 179 180 181 182 188 
142 146 147 148 149 150 152 153 154 155 156 158 159 168 170 171 172 173 174 175 177 178 179 180 181 182 
146 147 148 149 150 152 153 154 155 156 158 159 168 170 171 172 173 174 175 177 178 179 180 181 182 183 185 
144 146 147 148 149 150 152 153 154 155 156 158 159 168 170 171 172 173 174 175 177 178 179 183 187 209 
0 
0 
0 
0 
0 
148 150 152 153 154 155 156 158 159 168 170 171 172 173 174 175 177 178 184 
145 146 149 150 152 153 154 155 156 158 159 168 170 171 172 173 174 175 177 178 179 180 181 182 183 187 
147 148 149 150 152 153 154 155 156 158 159 168 170 171 172 173 174 175 177 178 179 180 181 
146 149 150 152 153 154 155 156 158 159 168 170 171 172 173 174 175 177 178 179 180 182 
146 150 152 153 154 155 156 158 159 168 170 171 172 173 174 175 177 178 179 183 185 
144 146 147 148 149 150 152 153 154 155 156 158 159 168 170 171 172 173 174 175 177 178 179 180 181 182 183 
149 150 152 153 154 155 156 158 159 168 170 171 172 173 174 175 177 178 179 180 181 182 
149 152 153 154 155 156 158 159 168 170 171 172 173 174 175 177 178 179 180 187 
142 144 150 152 153 154 155 156 158 159 168 170 171 172 173 174 175 177 178 182 183 
150 152 153 154 155 156 158 159 168 170 171 172 173 174 175 177 178 182 183 
152 154 155 156 158 159 168 170 171 172 173 174 175 177 179 182 183 
145 149 152 153 154 155 158 159 168 170 171 172 173 174 175 177 178 179 180 181 182 183 185 
153 155 156 158 159 168 170 171 173 174 177 178 180 181 183 
150 155 156 158 168 170 171 172 173 175 177 178 179 180 182 196 
153 155 158 159 168 170 171 172 173 174 175 177 183 188 
155 156 158 159 168 170 171 172 174 175 177 178 
152 154 156 158 168 171 172 173 175 177 178 179 180 181 183 
152 158 173 175 177 179 180 
157 
158 172 175 181 
175 182 
153 175 181 182 
0 
195 
0 
0 
0 
0 
0 
0 
0 
0 
0 
0 
0 
0 
0 
0 
0 
0 
0 
0 
0 
0 
151 
0 
0 
0 
0 
0 
0 
0 
0 
0 
0 
0 
0 
0 
0 
0 
0 
0 
0 
0 
0 
0 
0 
0 
0 
0 
0 
0 
0 
0 
0 
0 
0 
0 
0 
0 
0 
0 
4 
0 
0 
0 
0 
0 
0 
0 
0 
0 
0 
0 
0 
0 
0 
0 
0 
0 
0 
0 
0 
0 
0 
0 
0 
0 
0 
0 
0 
0 
0 
0 
0 
0 
0 
0 
0 
0 
0 
0 
0 
0 
0 
0 
0 
0 
0 
0 
0 
0 
0 
0 
0 
0 
0 
0 
0 
0 
0 
0 
0 
0 
0 
0 
0 
0 
0 
0 
0 
0 
0 
0 
0 
0 
0 
0 
0 
438 439 
5 439 443 444 446 
5 436 439 443 444 
5 439 443 444 
5 437 439 443 444 446 
5 437 438 439 443 444 446 
5 433 438 439 443 444 446 
5 437 438 439 443 444 446 
5 436 437 438 439 443 444 446 
5 434 436 437 438 439 443 444 446 
5 434 436 437 438 439 443 444 446 
5 433 434 436 437 438 439 443 444 446 
5 437 438 439 443 444 446 
5 436 437 438 439 443 444 446 
5 214 436 437 438 439 443 444 446 
5 213 214 438 439 443 444 446 
5 213 214 215 216 436 437 438 439 443 444 446 
5 211 212 213 214 215 216 436 437 438 439 443 444 446 
5 210 211 212 213 214 215 216 434 436 437 438 439 443 444 446 
0 
