0 
0 
0 
245 
0 
246 
0 
0 
0 
0 
0 
0 
0 
0 
0 
0 
0 
0 
0 
0 
0 
0 
0 
0 
0 
0 
0 
0 
0 
0 
0 
0 
0 
0 
0 
0 
0 
0 
0 
0 
0 
0 
0 
0 
0 
0 
0 
0 
0 
0 
0 
0 
0 
0 
0 
0 
0 
82 
0 
0 
0 
0 
0 
0 
0 
0 
0 
0 
0 
0 
0 
0 
0 
0 
0 
0 
0 
0 
0 
0 
0 
0 
0 
0 
0 
0 
0 
0 
0 
0 
0 
0 
0 
0 
0 
0 
0 
0 
0 
0 
0 
0 
0 
0 
0 
0 
0 
0 
0 
0 
0 
0 
0 
0 
0 
0 
0 
0 
152 
145 
0 
0 
0 
144 
143 148 
143 147 
143 147 148 
143 147 148 
143 147 148 
146 
143 147 148 
39 143 147 148 
143 147 148 
101 143 147 148 
143 147 148 
88 92 94 102 143 147 148 
100 102 121 143 147 148 
101 143 147 148 
91 100 121 143 147 148 
87 92 94 100 101 102 123 143 147 148 
86 87 88 89 90 91 92 94 95 100 101 102 103 118 121 122 123 143 147 148 
88 89 90 92 100 101 102 117 121 143 147 148 
0 
0 
0 
0 
0 
0 
79 81 83 84 86 87 89 90 91 92 94 95 100 101 102 103 117 118 121 122 123 143 147 148 
81 84 85 86 87 88 89 90 91 92 94 95 100 101 102 103 117 118 121 122 123 143 147 148 
80 83 84 85 87 88 89 90 91 92 94 95 100 101 102 103 117 118 121 122 123 143 147 
0 
80 84 86 87 89 90 91 92 94 95 100 101 102 103 117 118 121 122 123 147 
105 
104 
83 85 86 87 88 89 90 91 92 94 95 100 101 102 103 117 118 121 122 123 
81 83 84 85 86 87 88 89 90 91 92 94 95 100 101 102 103 117 118 121 122 123 143 
81 83 84 85 86 87 88 89 90 91 92 94 95 100 101 102 103 117 118 121 122 123 
106 
0 
0 
0 
0 
0 
0 
115 
81 85 86 87 88 89 90 91 92 94 95 100 101 102 103 117 118 121 122 123 
87 88 89 90 91 92 94 95 100 101 102 103 117 118 121 122 123 
84 87 92 94 95 100 101 102 103 117 118 121 122 123 
90 92 94 95 100 101 102 103 117 118 121 122 123 
92 94 95 100 101 102 103 117 118 121 122 123 
94 95 100 101 102 103 117 118 121 122 123 
92 94 95 100 101 102 103 117 118 121 122 123 
88 89 94 95 100 101 102 103 117 118 121 122 
83 88 89 92 94 95 100 101 102 103 117 118 121 
116 
90 92 94 95 100 101 102 103 117 118 121 122 123 
92 94 95 100 101 102 103 117 118 121 123 
91 92 95 100 101 102 103 117 122 
91 92 100 101 103 117 121 
87 91 92 100 101 117 121 
94 100 101 102 103 117 122 
85 88 100 101 
97 
93 
96 
98 
99 
0 
0 
0 
0 
0 
0 
77 
0 
0 
0 
0 
0 
0 
0 
0 
0 
0 
0 
0 
0 
0 
0 
0 
0 
0 
0 
0 
0 
0 
0 
0 
0 
0 
0 
0 
0 
0 
0 
0 
0 
0 
0 
0 
0 
0 
0 
0 
0 
0 
0 
0 
0 
0 
0 
0 
0 
0 
0 
0 
0 
0 
0 
0 
0 
0 
0 
0 
0 
0 
0 
0 
0 
0 
0 
0 
0 
0 
0 
0 
0 
0 
0 
0 
0 
0 
0 
0 
0 
0 
0 
0 
0 
0 
0 
0 
0 
0 
0 
0 
0 
0 
0 
0 
0 
0 
0 
0 
0 
0 
0 
0 
0 
0 
0 
0 
0 
0 
0 
0 
0 
0 
0 
0 
0 
0 
0 
0 
0 
0 
0 
0 
0 
0 
0 
0 
0 
0 
0 
0 
0 
0 
0 
0 
0 
0 
0 
0 
0 
0 
0 
0 
0 
0 
0 
0 
0 
0 
0 
0 
0 
0 
0 
0 
0 
0 
0 
0 
0 
0 
0 
0 
0 
0 
0 
0 
0 
0 
0 
0 
0 
0 
0 
0 
0 
0 
0 
0 
0 
0 
0 
0 
0 
0 
0 
0 
0 
0 
0 
0 
0 
0 
0 
0 
0 
0 
0 
0 
0 
0 
0 
0 
0 
0 
0 
0 
0 
0 
0 
0 
0 
0 
0 
0 
0 
0 
0 
0 
0 
0 
0 
0 
0 
0 
0 
0 
0 
0 
0 
0 
0 
0 
0 
0 
0 
0 
0 
0 
0 
0 
0 
0 
0 
0 
0 
0 
0 
0 
0 
0 
0 
0 
0 
0 
0 
0 
0 
